MFEM mesh v1.0

#
# MFEM Geometry Types (see fem/geom.hpp):
#
# POINT       = 0
# SEGMENT     = 1
# TRIANGLE    = 2
# SQUARE      = 3
# TETRAHEDRON = 4
# CUBE        = 5
# PRISM       = 6
# PYRAMID     = 7
#

dimension
2

elements
200
1 3 0 1 12 11
1 3 1 2 13 12
1 3 2 3 14 13
1 3 13 14 25 24
1 3 12 13 24 23
1 3 11 12 23 22
1 3 22 23 34 33
1 3 23 24 35 34
1 3 34 35 46 45
1 3 33 34 45 44
1 3 44 45 56 55
1 3 45 46 57 56
1 3 46 47 58 57
1 3 47 48 59 58
1 3 36 37 48 47
1 3 35 36 47 46
1 3 24 25 36 35
1 3 25 26 37 36
1 3 26 27 38 37
1 3 37 38 49 48
1 3 48 49 60 59
1 3 49 50 61 60
1 3 38 39 50 49
1 3 27 28 39 38
1 3 16 17 28 27
1 3 15 16 27 26
1 3 14 15 26 25
1 3 3 4 15 14
1 3 4 5 16 15
1 3 5 6 17 16
1 3 6 7 18 17
1 3 17 18 29 28
1 3 28 29 40 39
1 3 29 30 41 40
1 3 18 19 30 29
1 3 7 8 19 18
1 3 8 9 20 19
1 3 9 10 21 20
1 3 20 21 32 31
1 3 19 20 31 30
1 3 30 31 42 41
1 3 31 32 43 42
1 3 42 43 54 53
1 3 41 42 53 52
1 3 52 53 64 63
1 3 53 54 65 64
1 3 64 65 76 75
1 3 63 64 75 74
1 3 62 63 74 73
1 3 51 52 63 62
1 3 40 41 52 51
1 3 39 40 51 50
1 3 50 51 62 61
1 3 61 62 73 72
1 3 72 73 84 83
1 3 83 84 95 94
1 3 84 85 96 95
1 3 73 74 85 84
1 3 74 75 86 85
1 3 75 76 87 86
1 3 86 87 98 97
1 3 85 86 97 96
1 3 96 97 108 107
1 3 97 98 109 108
1 3 108 109 120 119
1 3 107 108 119 118
1 3 106 107 118 117
1 3 95 96 107 106
1 3 94 95 106 105
1 3 105 106 117 116
1 3 104 105 116 115
1 3 103 104 115 114
1 3 102 103 114 113
1 3 91 92 103 102
1 3 92 93 104 103
1 3 93 94 105 104
1 3 82 83 94 93
1 3 81 82 93 92
1 3 70 71 82 81
1 3 71 72 83 82
1 3 60 61 72 71
1 3 59 60 71 70
1 3 58 59 70 69
1 3 57 58 69 68
1 3 68 69 80 79
1 3 69 70 81 80
1 3 80 81 92 91
1 3 79 80 91 90
1 3 78 79 90 89
1 3 67 68 79 78
1 3 56 57 68 67
1 3 55 56 67 66
1 3 66 67 78 77
1 3 77 78 89 88
1 3 88 89 100 99
1 3 89 90 101 100
1 3 90 91 102 101
1 3 101 102 113 112
1 3 100 101 112 111
1 3 99 100 111 110
1 3 110 111 122 121
1 3 111 112 123 122
1 3 112 113 124 123
1 3 123 124 135 134
1 3 122 123 134 133
1 3 121 122 133 132
1 3 132 133 144 143
1 3 133 134 145 144
1 3 144 145 156 155
1 3 143 144 155 154
1 3 154 155 166 165
1 3 155 156 167 166
1 3 156 157 168 167
1 3 157 158 169 168
1 3 146 147 158 157
1 3 145 146 157 156
1 3 134 135 146 145
1 3 135 136 147 146
1 3 136 137 148 147
1 3 147 148 159 158
1 3 158 159 170 169
1 3 159 160 171 170
1 3 148 149 160 159
1 3 137 138 149 148
1 3 126 127 138 137
1 3 125 126 137 136
1 3 124 125 136 135
1 3 113 114 125 124
1 3 114 115 126 125
1 3 115 116 127 126
1 3 116 117 128 127
1 3 127 128 139 138
1 3 138 139 150 149
1 3 139 140 151 150
1 3 128 129 140 139
1 3 117 118 129 128
1 3 118 119 130 129
1 3 119 120 131 130
1 3 130 131 142 141
1 3 129 130 141 140
1 3 140 141 152 151
1 3 141 142 153 152
1 3 152 153 164 163
1 3 151 152 163 162
1 3 162 163 174 173
1 3 163 164 175 174
1 3 174 175 186 185
1 3 173 174 185 184
1 3 172 173 184 183
1 3 161 162 173 172
1 3 150 151 162 161
1 3 149 150 161 160
1 3 160 161 172 171
1 3 171 172 183 182
1 3 182 183 194 193
1 3 193 194 205 204
1 3 194 195 206 205
1 3 183 184 195 194
1 3 184 185 196 195
1 3 185 186 197 196
1 3 196 197 208 207
1 3 195 196 207 206
1 3 206 207 218 217
1 3 207 208 219 218
1 3 218 219 230 229
1 3 217 218 229 228
1 3 216 217 228 227
1 3 205 206 217 216
1 3 204 205 216 215
1 3 215 216 227 226
1 3 214 215 226 225
1 3 213 214 225 224
1 3 212 213 224 223
1 3 201 202 213 212
1 3 202 203 214 213
1 3 203 204 215 214
1 3 192 193 204 203
1 3 191 192 203 202
1 3 180 181 192 191
1 3 181 182 193 192
1 3 170 171 182 181
1 3 169 170 181 180
1 3 168 169 180 179
1 3 167 168 179 178
1 3 178 179 190 189
1 3 179 180 191 190
1 3 190 191 202 201
1 3 189 190 201 200
1 3 188 189 200 199
1 3 177 178 189 188
1 3 166 167 178 177
1 3 165 166 177 176
1 3 176 177 188 187
1 3 187 188 199 198
1 3 198 199 210 209
1 3 199 200 211 210
1 3 200 201 212 211
1 3 211 212 223 222
1 3 210 211 222 221
1 3 209 210 221 220

boundary
60
1 1 0 1
1 1 1 2
1 1 2 3
1 1 3 4
1 1 4 5
1 1 5 6
1 1 6 7
1 1 7 8
1 1 8 9
1 1 9 10
3 1 221 220
3 1 222 221
3 1 223 222
3 1 224 223
3 1 225 224
3 1 226 225
3 1 227 226
3 1 228 227
3 1 229 228
3 1 230 229
4 1 11 0
4 1 22 11
4 1 33 22
4 1 44 33
4 1 55 44
4 1 66 55
4 1 77 66
4 1 88 77
4 1 99 88
4 1 110 99
4 1 121 110
4 1 132 121
4 1 143 132
4 1 154 143
4 1 165 154
4 1 176 165
4 1 187 176
4 1 198 187
4 1 209 198
4 1 220 209
2 1 10 21
2 1 21 32
2 1 32 43
2 1 43 54
2 1 54 65
2 1 65 76
2 1 76 87
2 1 87 98
2 1 98 109
2 1 109 120
2 1 120 131
2 1 131 142
2 1 142 153
2 1 153 164
2 1 164 175
2 1 175 186
2 1 186 197
2 1 197 208
2 1 208 219
2 1 219 230

vertices
231
2
0 0
0.03 0
0.06 0
0.09 0
0.12 0
0.15 0
0.18 0
0.21 0
0.24 0
0.27 0
0.3 0
0 0.015
0.03 0.015
0.06 0.015
0.09 0.015
0.12 0.015
0.15 0.015
0.18 0.015
0.21 0.015
0.24 0.015
0.27 0.015
0.3 0.015
0 0.03
0.03 0.03
0.06 0.03
0.09 0.03
0.12 0.03
0.15 0.03
0.18 0.03
0.21 0.03
0.24 0.03
0.27 0.03
0.3 0.03
0 0.045
0.03 0.045
0.06 0.045
0.09 0.045
0.12 0.045
0.15 0.045
0.18 0.045
0.21 0.045
0.24 0.045
0.27 0.045
0.3 0.045
0 0.06
0.03 0.06
0.06 0.06
0.09 0.06
0.12 0.06
0.15 0.06
0.18 0.06
0.21 0.06
0.24 0.06
0.27 0.06
0.3 0.06
0 0.075
0.03 0.075
0.06 0.075
0.09 0.075
0.12 0.075
0.15 0.075
0.18 0.075
0.21 0.075
0.24 0.075
0.27 0.075
0.3 0.075
0 0.09
0.03 0.09
0.06 0.09
0.09 0.09
0.12 0.09
0.15 0.09
0.18 0.09
0.21 0.09
0.24 0.09
0.27 0.09
0.3 0.09
0 0.105
0.03 0.105
0.06 0.105
0.09 0.105
0.12 0.105
0.15 0.105
0.18 0.105
0.21 0.105
0.24 0.105
0.27 0.105
0.3 0.105
0 0.12
0.03 0.12
0.06 0.12
0.09 0.12
0.12 0.12
0.15 0.12
0.18 0.12
0.21 0.12
0.24 0.12
0.27 0.12
0.3 0.12
0 0.135
0.03 0.135
0.06 0.135
0.09 0.135
0.12 0.135
0.15 0.135
0.18 0.135
0.21 0.135
0.24 0.135
0.27 0.135
0.3 0.135
0 0.15
0.03 0.15
0.06 0.15
0.09 0.15
0.12 0.15
0.15 0.15
0.18 0.15
0.21 0.15
0.24 0.15
0.27 0.15
0.3 0.15
0 0.165
0.03 0.165
0.06 0.165
0.09 0.165
0.12 0.165
0.15 0.165
0.18 0.165
0.21 0.165
0.24 0.165
0.27 0.165
0.3 0.165
0 0.18
0.03 0.18
0.06 0.18
0.09 0.18
0.12 0.18
0.15 0.18
0.18 0.18
0.21 0.18
0.24 0.18
0.27 0.18
0.3 0.18
0 0.195
0.03 0.195
0.06 0.195
0.09 0.195
0.12 0.195
0.15 0.195
0.18 0.195
0.21 0.195
0.24 0.195
0.27 0.195
0.3 0.195
0 0.21
0.03 0.21
0.06 0.21
0.09 0.21
0.12 0.21
0.15 0.21
0.18 0.21
0.21 0.21
0.24 0.21
0.27 0.21
0.3 0.21
0 0.225
0.03 0.225
0.06 0.225
0.09 0.225
0.12 0.225
0.15 0.225
0.18 0.225
0.21 0.225
0.24 0.225
0.27 0.225
0.3 0.225
0 0.24
0.03 0.24
0.06 0.24
0.09 0.24
0.12 0.24
0.15 0.24
0.18 0.24
0.21 0.24
0.24 0.24
0.27 0.24
0.3 0.24
0 0.255
0.03 0.255
0.06 0.255
0.09 0.255
0.12 0.255
0.15 0.255
0.18 0.255
0.21 0.255
0.24 0.255
0.27 0.255
0.3 0.255
0 0.27
0.03 0.27
0.06 0.27
0.09 0.27
0.12 0.27
0.15 0.27
0.18 0.27
0.21 0.27
0.24 0.27
0.27 0.27
0.3 0.27
0 0.285
0.03 0.285
0.06 0.285
0.09 0.285
0.12 0.285
0.15 0.285
0.18 0.285
0.21 0.285
0.24 0.285
0.27 0.285
0.3 0.285
0 0.3
0.03 0.3
0.06 0.3
0.09 0.3
0.12 0.3
0.15 0.3
0.18 0.3
0.21 0.3
0.24 0.3
0.27 0.3
0.3 0.3
