MFEM mesh v1.0

#
# MFEM Geometry Types (see fem/geom.hpp):
#
# POINT       = 0
# SEGMENT     = 1
# TRIANGLE    = 2
# SQUARE      = 3
# TETRAHEDRON = 4
# CUBE        = 5
# PRISM       = 6
# PYRAMID     = 7
#

dimension
2

elements
160
1 3 0 1 10 9
1 3 1 2 11 10
1 3 10 11 20 19
1 3 9 10 19 18
1 3 18 19 28 27
1 3 19 20 29 28
1 3 28 29 38 37
1 3 27 28 37 36
1 3 36 37 46 45
1 3 37 38 47 46
1 3 38 39 48 47
1 3 39 40 49 48
1 3 30 31 40 39
1 3 29 30 39 38
1 3 20 21 30 29
1 3 21 22 31 30
1 3 12 13 22 21
1 3 11 12 21 20
1 3 2 3 12 11
1 3 3 4 13 12
1 3 4 5 14 13
1 3 13 14 23 22
1 3 22 23 32 31
1 3 23 24 33 32
1 3 14 15 24 23
1 3 5 6 15 14
1 3 6 7 16 15
1 3 7 8 17 16
1 3 16 17 26 25
1 3 15 16 25 24
1 3 24 25 34 33
1 3 25 26 35 34
1 3 34 35 44 43
1 3 33 34 43 42
1 3 42 43 52 51
1 3 43 44 53 52
1 3 52 53 62 61
1 3 51 52 61 60
1 3 50 51 60 59
1 3 41 42 51 50
1 3 32 33 42 41
1 3 31 32 41 40
1 3 40 41 50 49
1 3 49 50 59 58
1 3 58 59 68 67
1 3 67 68 77 76
1 3 68 69 78 77
1 3 59 60 69 68
1 3 60 61 70 69
1 3 61 62 71 70
1 3 70 71 80 79
1 3 69 70 79 78
1 3 78 79 88 87
1 3 79 80 89 88
1 3 88 89 98 97
1 3 87 88 97 96
1 3 86 87 96 95
1 3 77 78 87 86
1 3 76 77 86 85
1 3 85 86 95 94
1 3 84 85 94 93
1 3 83 84 93 92
1 3 74 75 84 83
1 3 75 76 85 84
1 3 66 67 76 75
1 3 65 66 75 74
1 3 56 57 66 65
1 3 57 58 67 66
1 3 48 49 58 57
1 3 47 48 57 56
1 3 46 47 56 55
1 3 45 46 55 54
1 3 54 55 64 63
1 3 55 56 65 64
1 3 64 65 74 73
1 3 63 64 73 72
1 3 72 73 82 81
1 3 73 74 83 82
1 3 82 83 92 91
1 3 81 82 91 90
1 3 90 91 100 99
1 3 91 92 101 100
1 3 100 101 110 109
1 3 99 100 109 108
1 3 108 109 118 117
1 3 109 110 119 118
1 3 118 119 128 127
1 3 117 118 127 126
1 3 126 127 136 135
1 3 127 128 137 136
1 3 128 129 138 137
1 3 129 130 139 138
1 3 120 121 130 129
1 3 119 120 129 128
1 3 110 111 120 119
1 3 111 112 121 120
1 3 102 103 112 111
1 3 101 102 111 110
1 3 92 93 102 101
1 3 93 94 103 102
1 3 94 95 104 103
1 3 103 104 113 112
1 3 112 113 122 121
1 3 113 114 123 122
1 3 104 105 114 113
1 3 95 96 105 104
1 3 96 97 106 105
1 3 97 98 107 106
1 3 106 107 116 115
1 3 105 106 115 114
1 3 114 115 124 123
1 3 115 116 125 124
1 3 124 125 134 133
1 3 123 124 133 132
1 3 132 133 142 141
1 3 133 134 143 142
1 3 142 143 152 151
1 3 141 142 151 150
1 3 140 141 150 149
1 3 131 132 141 140
1 3 122 123 132 131
1 3 121 122 131 130
1 3 130 131 140 139
1 3 139 140 149 148
1 3 148 149 158 157
1 3 157 158 167 166
1 3 158 159 168 167
1 3 149 150 159 158
1 3 150 151 160 159
1 3 151 152 161 160
1 3 160 161 170 169
1 3 159 160 169 168
1 3 168 169 178 177
1 3 169 170 179 178
1 3 178 179 188 187
1 3 177 178 187 186
1 3 176 177 186 185
1 3 167 168 177 176
1 3 166 167 176 175
1 3 175 176 185 184
1 3 174 175 184 183
1 3 173 174 183 182
1 3 164 165 174 173
1 3 165 166 175 174
1 3 156 157 166 165
1 3 155 156 165 164
1 3 146 147 156 155
1 3 147 148 157 156
1 3 138 139 148 147
1 3 137 138 147 146
1 3 136 137 146 145
1 3 135 136 145 144
1 3 144 145 154 153
1 3 145 146 155 154
1 3 154 155 164 163
1 3 153 154 163 162
1 3 162 163 172 171
1 3 163 164 173 172
1 3 172 173 182 181
1 3 171 172 181 180

boundary
56
1 1 0 1
1 1 1 2
1 1 2 3
1 1 3 4
1 1 4 5
1 1 5 6
1 1 6 7
1 1 7 8
3 1 181 180
3 1 182 181
3 1 183 182
3 1 184 183
3 1 185 184
3 1 186 185
3 1 187 186
3 1 188 187
4 1 9 0
4 1 18 9
4 1 27 18
4 1 36 27
4 1 45 36
4 1 54 45
4 1 63 54
4 1 72 63
4 1 81 72
4 1 90 81
4 1 99 90
4 1 108 99
4 1 117 108
4 1 126 117
4 1 135 126
4 1 144 135
4 1 153 144
4 1 162 153
4 1 171 162
4 1 180 171
2 1 8 17
2 1 17 26
2 1 26 35
2 1 35 44
2 1 44 53
2 1 53 62
2 1 62 71
2 1 71 80
2 1 80 89
2 1 89 98
2 1 98 107
2 1 107 116
2 1 116 125
2 1 125 134
2 1 134 143
2 1 143 152
2 1 152 161
2 1 161 170
2 1 170 179
2 1 179 188

vertices
189
2
0 1
0.0375 1
0.075 1
0.1125 1
0.15 1
0.1875 1
0.225 1
0.2625 1
0.3 1
0 0.9505
0.0375 0.9505
0.075 0.9505
0.1125 0.9505
0.15 0.9505
0.1875 0.9505
0.225 0.9505
0.2625 0.9505
0.3 0.9505
0 0.901
0.0375 0.901
0.075 0.901
0.1125 0.901
0.15 0.901
0.1875 0.901
0.225 0.901
0.2625 0.901
0.3 0.901
0 0.8514999999999999
0.0375 0.8514999999999999
0.075 0.8514999999999999
0.1125 0.8514999999999999
0.15 0.8514999999999999
0.1875 0.8514999999999999
0.225 0.8514999999999999
0.2625 0.8514999999999999
0.3 0.8514999999999999
0 0.802
0.0375 0.802
0.075 0.802
0.1125 0.802
0.15 0.802
0.1875 0.802
0.225 0.802
0.2625 0.802
0.3 0.802
0 0.7524999999999999
0.0375 0.7524999999999999
0.075 0.7524999999999999
0.1125 0.7524999999999999
0.15 0.7524999999999999
0.1875 0.7524999999999999
0.225 0.7524999999999999
0.2625 0.7524999999999999
0.3 0.7524999999999999
0 0.703
0.0375 0.703
0.075 0.703
0.1125 0.703
0.15 0.703
0.1875 0.703
0.225 0.703
0.2625 0.703
0.3 0.703
0 0.6535
0.0375 0.6535
0.075 0.6535
0.1125 0.6535
0.15 0.6535
0.1875 0.6535
0.225 0.6535
0.2625 0.6535
0.3 0.6535
0 0.604
0.0375 0.604
0.075 0.604
0.1125 0.604
0.15 0.604
0.1875 0.604
0.225 0.604
0.2625 0.604
0.3 0.604
0 0.5545
0.0375 0.5545
0.075 0.5545
0.1125 0.5545
0.15 0.5545
0.1875 0.5545
0.225 0.5545
0.2625 0.5545
0.3 0.5545
0 0.505
0.0375 0.505
0.075 0.505
0.1125 0.505
0.15 0.505
0.1875 0.505
0.225 0.505
0.2625 0.505
0.3 0.505
0 0.4555
0.0375 0.4555
0.075 0.4555
0.1125 0.4555
0.15 0.4555
0.1875 0.4555
0.225 0.4555
0.2625 0.4555
0.3 0.4555
0 0.4059999999999999
0.0375 0.4059999999999999
0.075 0.4059999999999999
0.1125 0.4059999999999999
0.15 0.4059999999999999
0.1875 0.4059999999999999
0.225 0.4059999999999999
0.2625 0.4059999999999999
0.3 0.4059999999999999
0 0.3564999999999999
0.0375 0.3564999999999999
0.075 0.3564999999999999
0.1125 0.3564999999999999
0.15 0.3564999999999999
0.1875 0.3564999999999999
0.225 0.3564999999999999
0.2625 0.3564999999999999
0.3 0.3564999999999999
0 0.3069999999999999
0.0375 0.3069999999999999
0.075 0.3069999999999999
0.1125 0.3069999999999999
0.15 0.3069999999999999
0.1875 0.3069999999999999
0.225 0.3069999999999999
0.2625 0.3069999999999999
0.3 0.3069999999999999
0 0.2575
0.0375 0.2575
0.075 0.2575
0.1125 0.2575
0.15 0.2575
0.1875 0.2575
0.225 0.2575
0.2625 0.2575
0.3 0.2575
0 0.208
0.0375 0.208
0.075 0.208
0.1125 0.208
0.15 0.208
0.1875 0.208
0.225 0.208
0.2625 0.208
0.3 0.208
0 0.1585
0.0375 0.1585
0.075 0.1585
0.1125 0.1585
0.15 0.1585
0.1875 0.1585
0.225 0.1585
0.2625 0.1585
0.3 0.1585
0 0.109
0.0375 0.109
0.075 0.109
0.1125 0.109
0.15 0.109
0.1875 0.109
0.225 0.109
0.2625 0.109
0.3 0.109
0 0.0595
0.0375 0.0595
0.075 0.0595
0.1125 0.0595
0.15 0.0595
0.1875 0.0595
0.225 0.0595
0.2625 0.0595
0.3 0.0595
0 0.01
0.0375 0.01
0.075 0.01
0.1125 0.01
0.15 0.01
0.1875 0.01
0.225 0.01
0.2625 0.01
0.3 0.01
